 --- 4 ---- 
1
2 4
 --- 5 ---- 
1
2 4
 --- 6 ---- 
2
2 4
3 6
 --- 7 ---- 
2
2 4
3 6
 --- 8 ---- 
2
2 4
6 8
 --- 9 ---- 
3
2 4
6 8
3 9
 --- 10 ---- 
4
2 4
6 8
3 9
5 10
 --- 11 ---- 
4
2 4
6 8
3 9
5 10
 --- 12 ---- 
4
2 4
6 8
10 12
3 9
 --- 13 ---- 
4
2 4
6 8
10 12
3 9
 --- 14 ---- 
5
2 4
6 8
10 12
3 9
7 14
 --- 15 ---- 
6
2 4
6 8
10 12
3 9
5 15
7 14
 --- 16 ---- 
6
2 4
6 8
10 12
14 16
3 9
5 15
 --- 17 ---- 
6
2 4
6 8
10 12
14 16
3 9
5 15
 --- 18 ---- 
6
2 4
6 8
10 12
14 16
3 9
15 18
 --- 19 ---- 
6
2 4
6 8
10 12
14 16
3 9
15 18
 --- 20 ---- 
7
2 4
6 8
10 12
14 16
18 20
3 9
5 15
