118559536
91323400
858943768
488146082
355850521
283018654
392086936
953005599
809922897
152183472
430831362
162360246
424091372
359568483
173796007
62945045
953756842
480538081
911412862
509812778
768075427
680778350
929569302
503040275
56423216
622955271
702367925
365487079
993546194
255047019
397211977
856420300
272982920
890998675
322424451
472057354
376801521
626045482
936757545
988171914
107824465
486133884
53101806
869337063
795020299
647175939
649214459
670635278
361528529
287591138
233498936
132215652
146722928
630280905
931893346
240516332
73685241
50140540
970288616
445008547
467034075
408883611
860168233
630210344
582067529
847050324
264629990
781743146
646373487
680053511
186861764
239571815
512709182
262607091
854588871
662853765
118920787
251260751
371961758
814490707
146174143
129909484
718866366
341031276
552635679
157314499
506612523
605851834
248810017
514497479
545194466
469605841
45644849
277019862
298855191
644006967
280141725
760932981
775940867
153881159
46100359
853809215
474928953
497183753
572828466
164089749
682008309
997365057
398393228
465218554
121834083
560386319
645926464
115178881
669261901
772354761
477148324
420459674
122119033
820571048
440694691
168890357
747230125
249839363
590002997
818726212
348789829
599047515
890998552
510326795
144233449
67394406
217234359
928652419
985681451
49912375
143616686
262469659
507332975
729951126
798824648
3378851
965529623
361050182
324947878
84358402
730623075
483503980
