i === 2
1 
 ---- done  

i === 3
1 2 
2 1 
 ---- done  

i === 5
1 2 4 3 
1 3 4 2 
2 1 3 4 
2 4 3 1 
3 1 2 4 
3 4 2 1 
4 2 1 3 
4 3 1 2 
 ---- done  

i === 7
1 2 4 5 3 6 
1 2 6 4 5 3 
1 3 2 6 4 5 
2 4 1 3 6 5 
2 4 5 1 3 6 
2 6 4 5 1 3 
3 2 6 4 5 1 
3 6 4 5 1 2 
3 6 5 1 2 4 
4 1 2 6 5 3 
4 1 3 2 6 5 
4 5 1 3 2 6 
5 1 3 2 6 4 
5 3 2 6 4 1 
5 3 6 4 1 2 
6 4 5 1 3 2 
6 5 1 3 2 4 
6 5 3 2 4 1 
 ---- done  

i === 11
1 2 4 8 5 10 9 7 3 6 
1 3 6 7 10 9 5 4 8 2 
1 3 9 5 4 8 2 6 7 10 
2 4 8 5 10 9 7 3 6 1 
2 6 1 3 9 7 10 8 5 4 
2 6 7 10 8 5 4 1 3 9 
3 6 1 2 4 8 5 10 9 7 
3 9 5 4 1 2 6 7 10 8 
3 9 7 10 8 5 4 1 2 6 
4 1 2 6 7 3 9 5 10 8 
4 1 3 9 5 10 8 2 6 7 
4 8 5 10 9 7 3 6 1 2 
5 4 1 3 9 7 10 8 2 6 
5 4 8 2 6 1 3 9 7 10 
5 10 9 7 3 6 1 2 4 8 
6 1 2 4 8 5 10 9 7 3 
6 7 3 9 5 10 8 2 4 1 
6 7 10 8 2 4 1 3 9 5 
7 3 6 1 2 4 8 5 10 9 
7 10 8 2 6 1 3 9 5 4 
7 10 9 5 4 8 2 6 1 3 
8 2 4 1 3 6 7 10 9 5 
8 2 6 7 10 9 5 4 1 3 
8 5 10 9 7 3 6 1 2 4 
9 5 4 1 3 6 7 10 8 2 
9 5 10 8 2 4 1 3 6 7 
9 7 3 6 1 2 4 8 5 10 
10 8 2 6 7 3 9 5 4 1 
10 8 5 4 1 2 6 7 3 9 
10 9 7 3 6 1 2 4 8 5 
 ---- done  

