0.200000
0.200000
0.200000
0.200000
0.200000
0.200000
0.200000
0.200000
0.200000
0.200000
0.200000
0.200000
0.200000
0.200000
0.200000
0.200000
0.200000
0.200000
0.200001
0.199997
0.200012
0.199951
0.200195
0.199219
0.203125
0.187500
0.250000
0.000000
1.000000
-3.000000
13.000000
-51.000000
205.000000
-819.000000
3277.000000
-13107.000000
52429.000000
-209715.000000
838861.000000
-3355443.000000
13421773.000000
-53687091.000000
214748365.000000
-858993459.000000
3435973837.000000
-13743895347.000000
54975581389.000000
-219902325555.000000
879609302221.000000
-3518437208883.000000
