2099200 0 0 2097152 0 2097152 2097152 0 0 2097152 2097152 0 2097152 0 0 2095104 
0 2099200 2097152 0 2097152 0 0 2097152 2097152 0 0 2097152 0 2097152 2095104 0 
0 2097152 2099200 0 2097152 0 0 2097152 2097152 0 0 2097152 0 2095104 2097152 0 
2097152 0 0 2099200 0 2097152 2097152 0 0 2097152 2097152 0 2095104 0 0 2097152 
0 2097152 2097152 0 2099200 0 0 2097152 2097152 0 0 2095104 0 2097152 2097152 0 
2097152 0 0 2097152 0 2099200 2097152 0 0 2097152 2095104 0 2097152 0 0 2097152 
2097152 0 0 2097152 0 2097152 2099200 0 0 2095104 2097152 0 2097152 0 0 2097152 
0 2097152 2097152 0 2097152 0 0 2099200 2095104 0 0 2097152 0 2097152 2097152 0 
0 2097152 2097152 0 2097152 0 0 2095104 2099200 0 0 2097152 0 2097152 2097152 0 
2097152 0 0 2097152 0 2097152 2095104 0 0 2099200 2097152 0 2097152 0 0 2097152 
2097152 0 0 2097152 0 2095104 2097152 0 0 2097152 2099200 0 2097152 0 0 2097152 
0 2097152 2097152 0 2095104 0 0 2097152 2097152 0 0 2099200 0 2097152 2097152 0 
2097152 0 0 2095104 0 2097152 2097152 0 0 2097152 2097152 0 2099200 0 0 2097152 
0 2097152 2095104 0 2097152 0 0 2097152 2097152 0 0 2097152 0 2099200 2097152 0 
0 2095104 2097152 0 2097152 0 0 2097152 2097152 0 0 2097152 0 2097152 2099200 0 
2095104 0 0 2097152 0 2097152 2097152 0 0 2097152 2097152 0 2097152 0 0 2099200 
2097152
